1 0
1 1
0 2
1 3
0 4
0 5
1 6
1 7
0 8
0 9
0 10
1 11
1 12
1 13
1 14
0 15
1 16
1 17
1 18
0 19
1 20
0 21
1 22
1 23
1 24
0 25
1 26
1 27
1 28
0 29
0 30
1 31
0 32
0 33
1 34
1 35
1 36
0 37
0 38
0 39
0 40
1 41
1 42
0 43
0 44
0 45
1 46
0 47
1 48
0 49
1 50
1 51
0 52
1 53
0 54
1 55
0 56
0 57
1 58
1 59
1 60
1 61
0 62
1 63
1 64
1 65
1 66
1 67
1 68
1 69
0 70
1 71
1 72
1 73
0 74
0 75
1 76
1 77
1 78
1 79
0 80
0 81
1 82
1 83
0 84
1 85
0 86
0 87
0 88
1 89
1 90
0 91
1 92
0 93
1 94
0 95
0 96
1 97
1 98
1 99
1 100
1 101
1 102
0 103
1 104
1 105
0 106
1 107
0 108
1 109
1 110
0 111
0 112
0 113
0 114
0 115
0 116
0 117
0 118
0 119
1 120
1 121
1 122
1 123
0 124
0 125
0 126
0 127
0 128
0 129
1 130
1 131
0 132
1 133
1 134
0 135
0 136
1 137
0 138
1 139
0 140
1 141
0 142
1 143
0 144
1 145
0 146
0 147
1 148
0 149
1 150
1 151
1 152
1 153
1 154
1 155
0 156
1 157
1 158
1 159
0 160
0 161
0 162
1 163
1 164
1 165
1 166
1 167
1 168
1 169
0 170
0 171
0 172
0 173
1 174
0 175
1 176
1 177
1 178
1 179
1 180
1 181
0 182
1 183
0 184
1 185
0 186
0 187
0 188
1 189
1 190
1 191
0 192
1 193
1 194
1 195
1 196
1 197
1 198
0 199
1 200
1 201
0 202
0 203
0 204
1 205
0 206
0 207
0 208
0 209
0 210
0 211
1 212
0 213
0 214
0 215
1 216
0 217
1 218
0 219
1 220
1 221
1 222
0 223
1 224
0 225
0 226
0 227
0 228
0 229
0 230
1 231
1 232
0 233
1 234
0 235
1 236
1 237
1 238
1 239
1 240
1 241
0 242
1 243
1 244
0 245
0 246
0 247
0 248
0 249
0 250
1 251
0 252
1 253
0 254
0 255
1 256
1 257
1 258
1 259
0 260
0 261
0 262
0 263
1 264
1 265
0 266
1 267
1 268
0 269
0 270
1 271
1 272
1 273
0 274
0 275
1 276
1 277
0 278
0 279
0 280
1 281
1 282
1 283
0 284
0 285
1 286
0 287
1 288
0 289
1 290
0 291
1 292
0 293
0 294
1 295
1 296
0 297
1 298
1 299
1 300
1 301
1 302
1 303
0 304
0 305
1 306
1 307
0 308
0 309
0 310
1 311
0 312
1 313
0 314
0 315
1 316
0 317
0 318
0 319
0 320
1 321
1 322
0 323
0 324
0 325
1 326
0 327
0 328
0 329
1 330
0 331
0 332
1 333
0 334
1 335
0 336
1 337
0 338
0 339
1 340
0 341
1 342
0 343
1 344
1 345
1 346
1 347
1 348
0 349
1 350
1 351
0 352
1 353
0 354
0 355
0 356
0 357
0 358
0 359
0 360
0 361
0 362
1 363
1 364
0 365
1 366
0 367
0 368
1 369
0 370
0 371
1 372
1 373
0 374
0 375
1 376
1 377
0 378
1 379
1 380
0 381
0 382
1 383
1 384
0 385
0 386
0 387
1 388
1 389
1 390
1 391
1 392
0 393
1 394
0 395
1 396
1 397
0 398
0 399
0 400
0 401
0 402
0 403
1 404
1 405
1 406
0 407
1 408
1 409
1 410
1 411
0 412
0 413
0 414
0 415
1 416
0 417
1 418
0 419
1 420
0 421
1 422
1 423
0 424
1 425
0 426
0 427
0 428
0 429
1 430
1 431
1 432
1 433
0 434
1 435
1 436
0 437
1 438
1 439
0 440
0 441
1 442
0 443
1 444
0 445
0 446
1 447
1 448
1 449
0 450
1 451
1 452
0 453
1 454
0 455
1 456
1 457
1 458
0 459
1 460
1 461
0 462
1 463
0 464
0 465
1 466
1 467
1 468
0 469
0 470
1 471
1 472
0 473
1 474
0 475
0 476
0 477
1 478
0 479
0 480
0 481
0 482
0 483
1 484
1 485
1 486
1 487
1 488
0 489
0 490
0 491
1 492
0 493
0 494
1 495
1 496
0 497
0 498
0 499
1 500
1 501
0 502
0 503
1 504
1 505
1 506
0 507
0 508
1 509
1 510
0 511
1 512
1 513
1 514
1 515
1 516
1 517
1 518
1 519
1 520
0 521
0 522
0 523
1 524
0 525
0 526
1 527
0 528
1 529
0 530
1 531
0 532
0 533
1 534
0 535
1 536
0 537
1 538
0 539
1 540
1 541
0 542
1 543
1 544
0 545
1 546
1 547
0 548
1 549
0 550
0 551
0 552
1 553
1 554
0 555
0 556
1 557
0 558
1 559
1 560
1 561
0 562
1 563
1 564
1 565
1 566
1 567
1 568
0 569
1 570
0 571
1 572
1 573
1 574
0 575
1 576
0 577
1 578
0 579
0 580
0 581
1 582
1 583
0 584
1 585
0 586
0 587
0 588
0 589
0 590
1 591
0 592
0 593
1 594
1 595
0 596
0 597
1 598
1 599
1 600
0 601
0 602
0 603
0 604
1 605
1 606
0 607
1 608
0 609
0 610
0 611
1 612
1 613
1 614
1 615
0 616
1 617
0 618
0 619
0 620
0 621
0 622
0 623
1 624
0 625
1 626
0 627
1 628
1 629
1 630
1 631
0 632
0 633
0 634
0 635
0 636
0 637
0 638
1 639
0 640
0 641
0 642
0 643
1 644
1 645
0 646
1 647
0 648
1 649
0 650
1 651
0 652
1 653
1 654
0 655
1 656
0 657
0 658
0 659
0 660
1 661
1 662
1 663
1 664
0 665
0 666
1 667
1 668
0 669
1 670
1 671
1 672
1 673
0 674
1 675
0 676
0 677
0 678
0 679
0 680
1 681
1 682
0 683
1 684
0 685
0 686
0 687
0 688
0 689
1 690
1 691
1 692
0 693
0 694
1 695
1 696
0 697
0 698
1 699
0 700
1 701
0 702
1 703
0 704
0 705
0 706
1 707
0 708
1 709
1 710
0 711
0 712
0 713
0 714
1 715
1 716
0 717
0 718
0 719
0 720
1 721
0 722
0 723
0 724
1 725
0 726
1 727
0 728
1 729
1 730
0 731
0 732
1 733
1 734
0 735
1 736
0 737
0 738
0 739
1 740
1 741
1 742
1 743
1 744
0 745
1 746
0 747
0 748
1 749
1 750
0 751
0 752
0 753
0 754
1 755
1 756
0 757
1 758
1 759
1 760
0 761
1 762
0 763
0 764
0 765
0 766
1 767
1 768
1 769
0 770
1 771
0 772
1 773
1 774
1 775
0 776
1 777
0 778
1 779
1 780
1 781
1 782
1 783
1 784
0 785
1 786
1 787
1 788
0 789
1 790
0 791
0 792
1 793
0 794
0 795
0 796
1 797
0 798
1 799
0 800
0 801
0 802
0 803
1 804
0 805
0 806
0 807
1 808
0 809
1 810
0 811
0 812
0 813
0 814
1 815
0 816
1 817
1 818
0 819
1 820
0 821
0 822
0 823
1 824
0 825
0 826
1 827
1 828
0 829
0 830
0 831
0 832
0 833
0 834
1 835
0 836
1 837
1 838
0 839
0 840
1 841
1 842
0 843
0 844
0 845
0 846
1 847
0 848
1 849
0 850
0 851
0 852
0 853
0 854
1 855
0 856
1 857
1 858
1 859
1 860
0 861
0 862
0 863
1 864
1 865
0 866
1 867
0 868
1 869
0 870
1 871
1 872
0 873
1 874
0 875
1 876
1 877
1 878
1 879
0 880
0 881
1 882
1 883
0 884
1 885
1 886
1 887
1 888
0 889
0 890
0 891
1 892
1 893
0 894
0 895
0 896
1 897
1 898
0 899
0 900
0 901
0 902
0 903
0 904
0 905
1 906
0 907
1 908
0 909
1 910
1 911
0 912
1 913
1 914
0 915
1 916
1 917
0 918
0 919
1 920
1 921
1 922
0 923
0 924
1 925
0 926
1 927
0 928
1 929
1 930
0 931
1 932
0 933
0 934
1 935
0 936
0 937
1 938
0 939
0 940
1 941
1 942
0 943
1 944
1 945
1 946
0 947
0 948
0 949
0 950
0 951
1 952
0 953
1 954
0 955
1 956
1 957
1 958
1 959
1 960
1 961
0 962
0 963
0 964
0 965
1 966
0 967
1 968
0 969
1 970
1 971
1 972
0 973
0 974
0 975
1 976
0 977
1 978
0 979
1 980
1 981
1 982
0 983
0 984
1 985
1 986
1 987
1 988
0 989
1 990
0 991
0 992
0 993
0 994
1 995
0 996
1 997
1 998
1 999
1 1000
0 1001
1 1002
1 1003
1 1004
1 1005
1 1006
1 1007
1 1008
1 1009
1 1010
1 1011
0 1012
0 1013
0 1014
0 1015
1 1016
1 1017
1 1018
1 1019
1 1020
0 1021
0 1022
0 1023
1 1024
1 1025
1 1026
0 1027
1 1028
1 1029
1 1030
0 1031
0 1032
1 1033
1 1034
0 1035
1 1036
1 1037
1 1038
1 1039
1 1040
1 1041
1 1042
0 1043
1 1044
1 1045
1 1046
1 1047
0 1048
0 1049
0 1050
1 1051
1 1052
1 1053
0 1054
1 1055
1 1056
1 1057
1 1058
1 1059
1 1060
1 1061
0 1062
0 1063
0 1064
1 1065
1 1066
1 1067
0 1068
0 1069
1 1070
1 1071
0 1072
0 1073
1 1074
1 1075
1 1076
1 1077
1 1078
1 1079
1 1080
1 1081
0 1082
0 1083
1 1084
0 1085
1 1086
1 1087
1 1088
0 1089
1 1090
0 1091
1 1092
1 1093
1 1094
1 1095
0 1096
1 1097
0 1098
1 1099
0 1100
0 1101
1 1102
1 1103
1 1104
0 1105
0 1106
0 1107
0 1108
0 1109
0 1110
0 1111
1 1112
0 1113
0 1114
1 1115
0 1116
1 1117
1 1118
1 1119
0 1120
1 1121
1 1122
1 1123
1 1124
1 1125
1 1126
1 1127
0 1128
1 1129
1 1130
1 1131
1 1132
1 1133
1 1134
0 1135
1 1136
1 1137
0 1138
1 1139
1 1140
1 1141
1 1142
1 1143
1 1144
0 1145
0 1146
0 1147
1 1148
1 1149
1 1150
0 1151
1 1152
1 1153
1 1154
0 1155
0 1156
0 1157
0 1158
1 1159
1 1160
0 1161
0 1162
1 1163
0 1164
1 1165
0 1166
1 1167
1 1168
0 1169
0 1170
1 1171
1 1172
0 1173
1 1174
0 1175
0 1176
1 1177
1 1178
1 1179
1 1180
0 1181
1 1182
1 1183
0 1184
1 1185
0 1186
1 1187
0 1188
1 1189
0 1190
1 1191
1 1192
0 1193
1 1194
1 1195
0 1196
1 1197
1 1198
1 1199
1 1200
0 1201
1 1202
1 1203
1 1204
1 1205
1 1206
0 1207
0 1208
1 1209
1 1210
1 1211
1 1212
1 1213
0 1214
1 1215
0 1216
1 1217
1 1218
0 1219
1 1220
0 1221
0 1222
0 1223
1 1224
1 1225
1 1226
1 1227
0 1228
0 1229
1 1230
1 1231
0 1232
1 1233
1 1234
1 1235
0 1236
0 1237
0 1238
1 1239
1 1240
1 1241
0 1242
1 1243
0 1244
1 1245
0 1246
1 1247
1 1248
1 1249
1 1250
1 1251
1 1252
1 1253
0 1254
1 1255
0 1256
1 1257
1 1258
0 1259
0 1260
1 1261
1 1262
1 1263
0 1264
1 1265
1 1266
1 1267
0 1268
0 1269
1 1270
1 1271
0 1272
0 1273
0 1274
0 1275
0 1276
1 1277
1 1278
0 1279
1 1280
1 1281
0 1282
1 1283
0 1284
0 1285
1 1286
1 1287
0 1288
1 1289
1 1290
1 1291
0 1292
1 1293
0 1294
1 1295
1 1296
1 1297
1 1298
0 1299
1 1300
1 1301
0 1302
0 1303
1 1304
0 1305
0 1306
1 1307
0 1308
1 1309
1 1310
1 1311
1 1312
1 1313
1 1314
0 1315
1 1316
1 1317
1 1318
0 1319
1 1320
0 1321
0 1322
1 1323
0 1324
1 1325
1 1326
1 1327
1 1328
0 1329
0 1330
0 1331
1 1332
0 1333
0 1334
0 1335
1 1336
0 1337
0 1338
0 1339
1 1340
1 1341
1 1342
0 1343
0 1344
1 1345
1 1346
0 1347
0 1348
1 1349
1 1350
1 1351
1 1352
0 1353
1 1354
0 1355
0 1356
1 1357
0 1358
0 1359
1 1360
1 1361
0 1362
1 1363
0 1364
1 1365
1 1366
1 1367
1 1368
1 1369
1 1370
1 1371
1 1372
1 1373
0 1374
0 1375
1 1376
1 1377
0 1378
1 1379
1 1380
1 1381
0 1382
0 1383
1 1384
0 1385
1 1386
1 1387
1 1388
1 1389
1 1390
1 1391
0 1392
1 1393
0 1394
1 1395
0 1396
0 1397
1 1398
0 1399
1 1400
1 1401
1 1402
1 1403
0 1404
1 1405
0 1406
1 1407
0 1408
0 1409
0 1410
0 1411
0 1412
0 1413
1 1414
0 1415
0 1416
1 1417
0 1418
0 1419
0 1420
0 1421
1 1422
1 1423
1 1424
1 1425
0 1426
0 1427
1 1428
1 1429
0 1430
0 1431
1 1432
1 1433
1 1434
0 1435
1 1436
1 1437
1 1438
1 1439
1 1440
1 1441
1 1442
1 1443
0 1444
1 1445
1 1446
1 1447
0 1448
0 1449
1 1450
1 1451
1 1452
1 1453
0 1454
1 1455
0 1456
0 1457
1 1458
1 1459
0 1460
1 1461
0 1462
1 1463
0 1464
1 1465
0 1466
0 1467
0 1468
0 1469
0 1470
1 1471
1 1472
0 1473
0 1474
1 1475
1 1476
1 1477
0 1478
0 1479
1 1480
1 1481
1 1482
0 1483
0 1484
1 1485
1 1486
0 1487
1 1488
1 1489
1 1490
0 1491
0 1492
0 1493
0 1494
1 1495
1 1496
1 1497
1 1498
0 1499
0 1500
1 1501
1 1502
1 1503
0 1504
0 1505
0 1506
1 1507
1 1508
0 1509
1 1510
0 1511
1 1512
1 1513
0 1514
1 1515
1 1516
1 1517
1 1518
1 1519
1 1520
1 1521
1 1522
0 1523
0 1524
0 1525
1 1526
1 1527
1 1528
0 1529
0 1530
1 1531
1 1532
1 1533
1 1534
0 1535
1 1536
0 1537
1 1538
1 1539
1 1540
1 1541
0 1542
1 1543
1 1544
1 1545
0 1546
0 1547
1 1548
0 1549
0 1550
0 1551
1 1552
1 1553
0 1554
1 1555
0 1556
0 1557
0 1558
0 1559
1 1560
0 1561
1 1562
1 1563
0 1564
0 1565
0 1566
1 1567
1 1568
0 1569
0 1570
1 1571
0 1572
0 1573
1 1574
1 1575
1 1576
1 1577
0 1578
1 1579
0 1580
1 1581
0 1582
1 1583
1 1584
1 1585
1 1586
1 1587
0 1588
1 1589
1 1590
1 1591
0 1592
1 1593
0 1594
1 1595
0 1596
1 1597
1 1598
1 1599
0 1600
1 1601
1 1602
0 1603
1 1604
1 1605
0 1606
0 1607
0 1608
0 1609
1 1610
1 1611
1 1612
0 1613
0 1614
1 1615
0 1616
0 1617
0 1618
1 1619
0 1620
1 1621
0 1622
1 1623
1 1624
1 1625
0 1626
0 1627
1 1628
1 1629
1 1630
1 1631
0 1632
1 1633
1 1634
1 1635
0 1636
1 1637
1 1638
0 1639
1 1640
0 1641
0 1642
0 1643
0 1644
0 1645
1 1646
0 1647
1 1648
0 1649
1 1650
1 1651
1 1652
0 1653
0 1654
0 1655
1 1656
1 1657
1 1658
0 1659
1 1660
1 1661
0 1662
0 1663
1 1664
1 1665
1 1666
1 1667
0 1668
1 1669
0 1670
0 1671
1 1672
1 1673
1 1674
1 1675
1 1676
1 1677
1 1678
0 1679
0 1680
1 1681
1 1682
0 1683
1 1684
1 1685
1 1686
1 1687
0 1688
1 1689
1 1690
0 1691
0 1692
1 1693
1 1694
1 1695
0 1696
1 1697
1 1698
1 1699
0 1700
1 1701
1 1702
1 1703
1 1704
0 1705
1 1706
1 1707
1 1708
0 1709
1 1710
0 1711
1 1712
1 1713
0 1714
1 1715
0 1716
0 1717
1 1718
0 1719
1 1720
0 1721
1 1722
0 1723
1 1724
0 1725
1 1726
0 1727
0 1728
1 1729
0 1730
0 1731
1 1732
0 1733
0 1734
0 1735
1 1736
1 1737
1 1738
0 1739
1 1740
1 1741
1 1742
1 1743
1 1744
1 1745
0 1746
0 1747
1 1748
0 1749
1 1750
1 1751
0 1752
0 1753
1 1754
0 1755
0 1756
1 1757
0 1758
0 1759
1 1760
0 1761
1 1762
1 1763
0 1764
1 1765
1 1766
0 1767
0 1768
1 1769
0 1770
1 1771
1 1772
0 1773
1 1774
0 1775
0 1776
0 1777
1 1778
1 1779
1 1780
1 1781
1 1782
1 1783
1 1784
0 1785
1 1786
1 1787
1 1788
0 1789
0 1790
1 1791
1 1792
0 1793
0 1794
1 1795
0 1796
1 1797
1 1798
0 1799
1 1800
1 1801
0 1802
1 1803
0 1804
1 1805
1 1806
1 1807
1 1808
1 1809
1 1810
1 1811
1 1812
1 1813
0 1814
0 1815
0 1816
1 1817
1 1818
0 1819
0 1820
1 1821
0 1822
0 1823
1 1824
0 1825
0 1826
1 1827
0 1828
1 1829
1 1830
0 1831
1 1832
0 1833
0 1834
1 1835
1 1836
0 1837
0 1838
1 1839
0 1840
1 1841
1 1842
1 1843
1 1844
1 1845
1 1846
0 1847
0 1848
1 1849
0 1850
0 1851
1 1852
1 1853
0 1854
0 1855
1 1856
1 1857
1 1858
1 1859
1 1860
1 1861
0 1862
1 1863
1 1864
1 1865
1 1866
0 1867
1 1868
1 1869
0 1870
1 1871
1 1872
1 1873
0 1874
0 1875
1 1876
0 1877
1 1878
0 1879
0 1880
1 1881
1 1882
1 1883
1 1884
1 1885
1 1886
0 1887
1 1888
1 1889
1 1890
1 1891
1 1892
0 1893
1 1894
0 1895
0 1896
1 1897
1 1898
0 1899
1 1900
0 1901
1 1902
1 1903
1 1904
1 1905
0 1906
1 1907
1 1908
1 1909
0 1910
1 1911
1 1912
1 1913
1 1914
1 1915
0 1916
1 1917
0 1918
0 1919
1 1920
1 1921
1 1922
1 1923
1 1924
0 1925
1 1926
1 1927
1 1928
1 1929
1 1930
0 1931
1 1932
0 1933
1 1934
1 1935
1 1936
1 1937
0 1938
0 1939
1 1940
1 1941
1 1942
0 1943
0 1944
1 1945
1 1946
0 1947
1 1948
0 1949
1 1950
1 1951
1 1952
1 1953
1 1954
0 1955
0 1956
1 1957
1 1958
0 1959
1 1960
1 1961
1 1962
0 1963
0 1964
1 1965
1 1966
1 1967
0 1968
1 1969
0 1970
1 1971
1 1972
0 1973
1 1974
0 1975
1 1976
0 1977
0 1978
1 1979
1 1980
1 1981
1 1982
0 1983
0 1984
0 1985
1 1986
0 1987
1 1988
0 1989
0 1990
0 1991
1 1992
1 1993
0 1994
0 1995
1 1996
0 1997
1 1998
0 1999