0 0
0 1
0 2
0 3
1 4
0 5
0 6
0 7
0 8
0 9
0 10
1 11
1 12
0 13
1 14
0 15
0 16
0 17
1 18
0 19
0 20
0 21
1 22
0 23
1 24
1 25
0 26
1 27
0 28
0 29
0 30
0 31
0 32
1 33
1 34
1 35
0 36
0 37
0 38
0 39
0 40
0 41
1 42
0 43
0 44
1 45
0 46
0 47
0 48
0 49
1 50
1 51
0 52
0 53
0 54
0 55
0 56
0 57
0 58
0 59
1 60
0 61
0 62
1 63
0 64
1 65
1 66
0 67
0 68
1 69
0 70
1 71
0 72
0 73
0 74
0 75
1 76
1 77
0 78
1 79
0 80
0 81
0 82
1 83
0 84
1 85
1 86
0 87
0 88
1 89
1 90
0 91
1 92
1 93
1 94
0 95
1 96
0 97
1 98
0 99
1 100
1 101
0 102
0 103
1 104
1 105
0 106
0 107
0 108
1 109
1 110
0 111
0 112
0 113
0 114
0 115
0 116
1 117
0 118
0 119
1 120
0 121
0 122
0 123
0 124
0 125
0 126
0 127
0 128
1 129
1 130
1 131
0 132
1 133
0 134
1 135
0 136
0 137
1 138
1 139
0 140
1 141
0 142
0 143
1 144
1 145
0 146
0 147
0 148
0 149
0 150
0 151
0 152
0 153
0 154
0 155
0 156
0 157
0 158
0 159
0 160
0 161
1 162
0 163
0 164
1 165
0 166
0 167
1 168
1 169
0 170
0 171
1 172
0 173
0 174
0 175
0 176
0 177
0 178
1 179
1 180
0 181
1 182
0 183
0 184
0 185
1 186
0 187
0 188
0 189
0 190
0 191
1 192
0 193
1 194
1 195
0 196
0 197
1 198
0 199
0 200
1 201
0 202
1 203
0 204
0 205
1 206
0 207
0 208
0 209
0 210
0 211
1 212
0 213
0 214
0 215
1 216
1 217
1 218
0 219
0 220
0 221
1 222
0 223
0 224
0 225
0 226
0 227
0 228
0 229
0 230
0 231
0 232
0 233
0 234
0 235
0 236
0 237
1 238
0 239
1 240
1 241
1 242
1 243
1 244
0 245
0 246
0 247
0 248
0 249
0 250
1 251
0 252
0 253
0 254
0 255
0 256
1 257
0 258
1 259
0 260
0 261
0 262
0 263
0 264
0 265
1 266
0 267
0 268
0 269
0 270
1 271
0 272
1 273
0 274
1 275
0 276
1 277
0 278
0 279
0 280
0 281
1 282
0 283
0 284
0 285
0 286
0 287
0 288
0 289
1 290
0 291
0 292
1 293
0 294
0 295
0 296
1 297
0 298
0 299
1 300
0 301
1 302
1 303
0 304
0 305
1 306
0 307
0 308
1 309
0 310
1 311
0 312
0 313
0 314
1 315
0 316
0 317
0 318
0 319
0 320
0 321
1 322
1 323
0 324
0 325
0 326
1 327
1 328
1 329
0 330
1 331
0 332
1 333
1 334
0 335
1 336
1 337
0 338
0 339
1 340
1 341
0 342
1 343
0 344
0 345
0 346
0 347
0 348
0 349
0 350
1 351
1 352
1 353
0 354
0 355
0 356
1 357
0 358
0 359
0 360
0 361
0 362
0 363
0 364
1 365
1 366
0 367
0 368
0 369
0 370
0 371
0 372
1 373
0 374
0 375
0 376
0 377
0 378
1 379
1 380
0 381
0 382
0 383
0 384
0 385
1 386
0 387
1 388
1 389
1 390
0 391
0 392
0 393
0 394
1 395
0 396
0 397
0 398
0 399
0 400
0 401
1 402
1 403
1 404
0 405
1 406
0 407
1 408
1 409
0 410
1 411
1 412
0 413
0 414
0 415
0 416
1 417
1 418
0 419
1 420
1 421
0 422
0 423
0 424
0 425
0 426
0 427
0 428
0 429
0 430
0 431
0 432
0 433
1 434
0 435
1 436
1 437
0 438
1 439
0 440
0 441
0 442
1 443
1 444
0 445
0 446
1 447
1 448
0 449
0 450
0 451
1 452
0 453
1 454
0 455
1 456
0 457
1 458
0 459
0 460
0 461
0 462
0 463
0 464
0 465
0 466
0 467
0 468
1 469
0 470
0 471
1 472
0 473
0 474
0 475
0 476
0 477
0 478
0 479
0 480
0 481
0 482
1 483
1 484
0 485
0 486
0 487
1 488
0 489
0 490
0 491
0 492
0 493
0 494
0 495
0 496
0 497
1 498
0 499
0 500
1 501
1 502
1 503
0 504
1 505
0 506
0 507
0 508
1 509
0 510
0 511
0 512
0 513
1 514
1 515
0 516
0 517
1 518
0 519
1 520
1 521
0 522
0 523
1 524
0 525
0 526
0 527
0 528
1 529
0 530
1 531
0 532
0 533
0 534
0 535
0 536
0 537
1 538
0 539
0 540
0 541
1 542
0 543
0 544
0 545
0 546
1 547
0 548
0 549
0 550
0 551
0 552
0 553
0 554
0 555
0 556
0 557
1 558
1 559
0 560
1 561
0 562
0 563
0 564
1 565
0 566
1 567
0 568
0 569
0 570
0 571
1 572
1 573
1 574
0 575
1 576
0 577
1 578
1 579
0 580
0 581
1 582
0 583
0 584
0 585
0 586
0 587
1 588
0 589
0 590
1 591
0 592
1 593
0 594
1 595
0 596
0 597
0 598
1 599
0 600
1 601
0 602
0 603
0 604
1 605
1 606
0 607
0 608
0 609
0 610
0 611
1 612
1 613
1 614
1 615
1 616
1 617
0 618
0 619
0 620
0 621
0 622
0 623
0 624
0 625
0 626
0 627
0 628
1 629
1 630
0 631
0 632
0 633
0 634
0 635
0 636
0 637
1 638
1 639
0 640
0 641
0 642
0 643
1 644
1 645
0 646
1 647
0 648
1 649
0 650
0 651
1 652
0 653
0 654
0 655
0 656
0 657
0 658
1 659
0 660
1 661
1 662
0 663
0 664
1 665
0 666
1 667
1 668
1 669
1 670
0 671
0 672
1 673
0 674
0 675
1 676
0 677
0 678
1 679
1 680
0 681
0 682
0 683
0 684
0 685
1 686
0 687
0 688
0 689
0 690
1 691
0 692
0 693
0 694
1 695
1 696
0 697
0 698
0 699
0 700
0 701
0 702
1 703
0 704
0 705
1 706
1 707
1 708
0 709
1 710
0 711
0 712
0 713
0 714
1 715
0 716
1 717
0 718
1 719
0 720
0 721
0 722
0 723
1 724
0 725
1 726
0 727
0 728
1 729
1 730
0 731
1 732
0 733
1 734
1 735
1 736
0 737
0 738
0 739
0 740
1 741
1 742
1 743
0 744
0 745
1 746
0 747
0 748
0 749
0 750
1 751
1 752
1 753
1 754
1 755
0 756
0 757
1 758
0 759
0 760
1 761
0 762
0 763
1 764
0 765
0 766
0 767
0 768
0 769
0 770
1 771
0 772
1 773
1 774
1 775
1 776
0 777
0 778
0 779
0 780
1 781
1 782
1 783
1 784
0 785
0 786
0 787
1 788
0 789
1 790
0 791
0 792
0 793
0 794
0 795
1 796
0 797
0 798
0 799
0 800
0 801
0 802
1 803
0 804
0 805
1 806
0 807
0 808
0 809
1 810
0 811
0 812
0 813
1 814
0 815
0 816
0 817
1 818
0 819
1 820
1 821
0 822
1 823
0 824
0 825
0 826
1 827
1 828
0 829
0 830
0 831
0 832
0 833
0 834
1 835
1 836
1 837
0 838
0 839
0 840
1 841
0 842
1 843
1 844
0 845
0 846
0 847
0 848
1 849
1 850
1 851
0 852
0 853
0 854
0 855
0 856
0 857
0 858
0 859
1 860
1 861
0 862
0 863
1 864
1 865
0 866
0 867
1 868
0 869
0 870
1 871
1 872
0 873
0 874
1 875
0 876
1 877
0 878
0 879
1 880
0 881
0 882
0 883
1 884
0 885
1 886
0 887
1 888
1 889
1 890
1 891
0 892
0 893
0 894
1 895
0 896
1 897
0 898
1 899
0 900
0 901
0 902
0 903
1 904
0 905
1 906
0 907
1 908
0 909
0 910
0 911
1 912
1 913
1 914
1 915
1 916
0 917
0 918
0 919
1 920
1 921
0 922
1 923
1 924
0 925
1 926
0 927
0 928
1 929
1 930
0 931
1 932
1 933
0 934
0 935
0 936
0 937
0 938
1 939
1 940
1 941
0 942
1 943
0 944
0 945
1 946
0 947
1 948
0 949
0 950
1 951
1 952
0 953
1 954
0 955
1 956
0 957
0 958
1 959
1 960
0 961
1 962
0 963
0 964
0 965
0 966
0 967
0 968
0 969
1 970
0 971
0 972
0 973
0 974
0 975
0 976
0 977
1 978
0 979
1 980
0 981
0 982
0 983
0 984
1 985
0 986
1 987
1 988
0 989
1 990
0 991
1 992
0 993
0 994
1 995
0 996
0 997
1 998
1 999
1 1000
1 1001
0 1002
1 1003
1 1004
1 1005
1 1006
1 1007
1 1008
1 1009
1 1010
1 1011
1 1012
0 1013
0 1014
0 1015
1 1016
0 1017
0 1018
1 1019
1 1020
0 1021
1 1022
0 1023
0 1024
0 1025
0 1026
0 1027
1 1028
1 1029
0 1030
1 1031
1 1032
0 1033
1 1034
0 1035
0 1036
0 1037
0 1038
0 1039
0 1040
1 1041
0 1042
1 1043
1 1044
1 1045
1 1046
1 1047
0 1048
0 1049
0 1050
0 1051
1 1052
0 1053
0 1054
1 1055
1 1056
1 1057
1 1058
0 1059
0 1060
1 1061
0 1062
0 1063
0 1064
0 1065
1 1066
0 1067
0 1068
1 1069
1 1070
0 1071
1 1072
0 1073
1 1074
0 1075
1 1076
1 1077
0 1078
0 1079
1 1080
1 1081
0 1082
0 1083
1 1084
0 1085
0 1086
0 1087
1 1088
0 1089
1 1090
0 1091
0 1092
1 1093
0 1094
0 1095
0 1096
0 1097
0 1098
0 1099
1 1100
1 1101
1 1102
0 1103
0 1104
1 1105
1 1106
1 1107
1 1108
0 1109
0 1110
0 1111
0 1112
0 1113
1 1114
1 1115
0 1116
0 1117
1 1118
0 1119
1 1120
1 1121
1 1122
1 1123
1 1124
0 1125
0 1126
1 1127
1 1128
0 1129
1 1130
0 1131
0 1132
1 1133
1 1134
0 1135
0 1136
0 1137
1 1138
1 1139
0 1140
1 1141
1 1142
1 1143
1 1144
0 1145
1 1146
1 1147
1 1148
0 1149
0 1150
0 1151
1 1152
0 1153
1 1154
1 1155
1 1156
1 1157
1 1158
1 1159
0 1160
0 1161
1 1162
0 1163
0 1164
1 1165
0 1166
1 1167
0 1168
1 1169
0 1170
0 1171
1 1172
1 1173
1 1174
0 1175
0 1176
0 1177
1 1178
0 1179
1 1180
0 1181
1 1182
0 1183
0 1184
0 1185
0 1186
1 1187
0 1188
1 1189
1 1190
0 1191
0 1192
1 1193
0 1194
0 1195
1 1196
1 1197
0 1198
1 1199
1 1200
0 1201
1 1202
1 1203
1 1204
1 1205
1 1206
1 1207
0 1208
0 1209
1 1210
0 1211
1 1212
0 1213
0 1214
1 1215
1 1216
0 1217
1 1218
0 1219
1 1220
1 1221
1 1222
0 1223
1 1224
1 1225
1 1226
1 1227
0 1228
0 1229
1 1230
0 1231
0 1232
0 1233
0 1234
0 1235
0 1236
0 1237
0 1238
1 1239
0 1240
1 1241
0 1242
0 1243
1 1244
0 1245
0 1246
0 1247
0 1248
0 1249
1 1250
1 1251
1 1252
0 1253
1 1254
1 1255
0 1256
1 1257
1 1258
1 1259
0 1260
0 1261
0 1262
0 1263
0 1264
0 1265
0 1266
0 1267
1 1268
1 1269
0 1270
0 1271
0 1272
1 1273
0 1274
1 1275
0 1276
0 1277
0 1278
1 1279
1 1280
1 1281
1 1282
0 1283
1 1284
0 1285
1 1286
1 1287
0 1288
1 1289
0 1290
0 1291
0 1292
0 1293
1 1294
1 1295
0 1296
0 1297
1 1298
0 1299
1 1300
0 1301
0 1302
0 1303
0 1304
0 1305
1 1306
1 1307
0 1308
0 1309
1 1310
0 1311
0 1312
0 1313
0 1314
0 1315
1 1316
1 1317
0 1318
1 1319
0 1320
0 1321
1 1322
1 1323
0 1324
1 1325
0 1326
1 1327
0 1328
0 1329
0 1330
1 1331
1 1332
1 1333
0 1334
1 1335
0 1336
1 1337
0 1338
0 1339
1 1340
1 1341
0 1342
0 1343
1 1344
1 1345
0 1346
1 1347
1 1348
0 1349
1 1350
0 1351
0 1352
1 1353
1 1354
0 1355
0 1356
1 1357
1 1358
0 1359
1 1360
1 1361
0 1362
0 1363
0 1364
1 1365
1 1366
0 1367
1 1368
1 1369
1 1370
1 1371
0 1372
0 1373
1 1374
0 1375
0 1376
1 1377
1 1378
1 1379
0 1380
0 1381
1 1382
0 1383
0 1384
0 1385
1 1386
1 1387
0 1388
0 1389
1 1390
1 1391
0 1392
0 1393
0 1394
0 1395
0 1396
0 1397
1 1398
0 1399
1 1400
1 1401
0 1402
1 1403
0 1404
1 1405
0 1406
1 1407
1 1408
0 1409
0 1410
0 1411
0 1412
0 1413
0 1414
0 1415
1 1416
1 1417
1 1418
0 1419
0 1420
0 1421
1 1422
1 1423
1 1424
1 1425
1 1426
0 1427
0 1428
1 1429
0 1430
0 1431
0 1432
1 1433
1 1434
1 1435
1 1436
0 1437
1 1438
1 1439
1 1440
1 1441
1 1442
1 1443
1 1444
1 1445
1 1446
0 1447
1 1448
0 1449
0 1450
1 1451
1 1452
1 1453
1 1454
0 1455
0 1456
0 1457
1 1458
1 1459
1 1460
1 1461
0 1462
0 1463
0 1464
1 1465
1 1466
0 1467
0 1468
0 1469
1 1470
0 1471
1 1472
0 1473
1 1474
1 1475
1 1476
0 1477
1 1478
1 1479
1 1480
1 1481
1 1482
1 1483
0 1484
1 1485
0 1486
0 1487
1 1488
0 1489
0 1490
1 1491
0 1492
0 1493
1 1494
0 1495
0 1496
0 1497
1 1498
0 1499
1 1500
1 1501
1 1502
1 1503
0 1504
0 1505
0 1506
0 1507
1 1508
1 1509
1 1510
0 1511
1 1512
1 1513
1 1514
1 1515
1 1516
0 1517
1 1518
0 1519
1 1520
1 1521
1 1522
0 1523
1 1524
0 1525
0 1526
0 1527
1 1528
1 1529
1 1530
1 1531
1 1532
0 1533
0 1534
1 1535
1 1536
1 1537
0 1538
0 1539
1 1540
0 1541
1 1542
1 1543
1 1544
0 1545
1 1546
1 1547
1 1548
0 1549
0 1550
1 1551
0 1552
1 1553
1 1554
1 1555
0 1556
0 1557
1 1558
1 1559
1 1560
0 1561
1 1562
1 1563
0 1564
1 1565
1 1566
1 1567
0 1568
0 1569
0 1570
1 1571
1 1572
0 1573
1 1574
1 1575
1 1576
0 1577
0 1578
0 1579
0 1580
1 1581
1 1582
1 1583
1 1584
0 1585
1 1586
1 1587
1 1588
1 1589
0 1590
0 1591
0 1592
1 1593
0 1594
0 1595
1 1596
1 1597
0 1598
1 1599
1 1600
1 1601
0 1602
1 1603
1 1604
0 1605
0 1606
1 1607
0 1608
0 1609
1 1610
0 1611
1 1612
1 1613
0 1614
1 1615
0 1616
1 1617
1 1618
1 1619
1 1620
1 1621
1 1622
1 1623
1 1624
1 1625
0 1626
1 1627
1 1628
0 1629
1 1630
0 1631
0 1632
1 1633
1 1634
1 1635
0 1636
1 1637
1 1638
1 1639
1 1640
0 1641
1 1642
0 1643
0 1644
1 1645
0 1646
1 1647
1 1648
1 1649
1 1650
1 1651
1 1652
0 1653
1 1654
0 1655
1 1656
1 1657
1 1658
0 1659
1 1660
1 1661
0 1662
0 1663
0 1664
0 1665
0 1666
1 1667
0 1668
1 1669
1 1670
0 1671
1 1672
1 1673
1 1674
1 1675
1 1676
1 1677
1 1678
1 1679
0 1680
0 1681
1 1682
0 1683
1 1684
1 1685
1 1686
1 1687
1 1688
0 1689
0 1690
0 1691
1 1692
1 1693
1 1694
1 1695
1 1696
0 1697
1 1698
1 1699
1 1700
0 1701
1 1702
1 1703
1 1704
0 1705
1 1706
1 1707
1 1708
0 1709
1 1710
1 1711
1 1712
1 1713
1 1714
1 1715
0 1716
0 1717
1 1718
1 1719
1 1720
1 1721
0 1722
1 1723
0 1724
0 1725
0 1726
1 1727
0 1728
0 1729
0 1730
1 1731
0 1732
0 1733
0 1734
1 1735
1 1736
0 1737
1 1738
0 1739
0 1740
1 1741
1 1742
1 1743
1 1744
1 1745
1 1746
1 1747
1 1748
1 1749
1 1750
0 1751
1 1752
1 1753
0 1754
0 1755
0 1756
1 1757
0 1758
1 1759
1 1760
0 1761
1 1762
1 1763
0 1764
1 1765
1 1766
0 1767
1 1768
1 1769
1 1770
1 1771
1 1772
0 1773
1 1774
1 1775
1 1776
0 1777
1 1778
1 1779
0 1780
1 1781
1 1782
1 1783
0 1784
1 1785
0 1786
1 1787
1 1788
1 1789
1 1790
1 1791
0 1792
1 1793
0 1794
1 1795
1 1796
0 1797
0 1798
1 1799
1 1800
1 1801
0 1802
1 1803
1 1804
1 1805
1 1806
1 1807
1 1808
1 1809
0 1810
1 1811
1 1812
1 1813
0 1814
1 1815
0 1816
1 1817
1 1818
0 1819
1 1820
1 1821
1 1822
0 1823
1 1824
1 1825
0 1826
1 1827
1 1828
1 1829
1 1830
0 1831
1 1832
0 1833
1 1834
1 1835
1 1836
0 1837
0 1838
1 1839
0 1840
1 1841
0 1842
0 1843
1 1844
0 1845
1 1846
0 1847
1 1848
1 1849
0 1850
1 1851
1 1852
1 1853
0 1854
0 1855
1 1856
1 1857
0 1858
0 1859
1 1860
0 1861
1 1862
1 1863
1 1864
1 1865
1 1866
0 1867
1 1868
1 1869
1 1870
1 1871
0 1872
1 1873
0 1874
0 1875
1 1876
0 1877
0 1878
0 1879
1 1880
1 1881
1 1882
0 1883
1 1884
0 1885
0 1886
0 1887
1 1888
1 1889
1 1890
1 1891
1 1892
1 1893
1 1894
1 1895
0 1896
1 1897
1 1898
0 1899
1 1900
1 1901
0 1902
1 1903
0 1904
1 1905
1 1906
1 1907
0 1908
0 1909
0 1910
1 1911
1 1912
0 1913
1 1914
1 1915
0 1916
1 1917
1 1918
1 1919
0 1920
1 1921
1 1922
1 1923
0 1924
1 1925
0 1926
1 1927
0 1928
1 1929
1 1930
1 1931
0 1932
1 1933
0 1934
0 1935
1 1936
1 1937
0 1938
1 1939
1 1940
0 1941
0 1942
0 1943
0 1944
0 1945
1 1946
0 1947
1 1948
1 1949
1 1950
1 1951
0 1952
1 1953
1 1954
0 1955
1 1956
1 1957
1 1958
0 1959
1 1960
1 1961
1 1962
0 1963
0 1964
1 1965
0 1966
0 1967
0 1968
0 1969
1 1970
1 1971
1 1972
1 1973
1 1974
1 1975
1 1976
0 1977
0 1978
1 1979
1 1980
0 1981
0 1982
1 1983
1 1984
0 1985
1 1986
0 1987
1 1988
0 1989
0 1990
0 1991
0 1992
0 1993
1 1994
1 1995
0 1996
0 1997
0 1998
0 1999